0000 00 00 23 53 4e fe 00 00 23 53 4e fe 88 92 fe fc 
0010 06 01 00 00 00 01 00 00 00 48 02 05 00 04 00 00 
0020 02 07 02 02 00 06 00 00 74 65 73 74 02 01 00 05 
0030 00 00 61 73 64 00 02 04 00 04 00 00 00 00 02 03 
0040 00 06 00 00 13 37 69 69 02 07 00 04 00 00 42 69 
0050 01 02 00 0e 00 01 00 00 00 00 00 00 00 00 00 00 
0060 00 00 00 00 00 00 00 00 00 00 00 00 00 00 00 00 
0070 00 00 00 00 00 00 00 00 00 00 00 00 00 00 00 00 
0080 00 00 00 00 00 00 00 00 00 00 00 00 00 00 00 00 
0090 00 00 00 00 00 00 00 00 00 00 00 00 00 00 00 00 
0100 00 00 00 00 00 00 00 00 00 00 00 00 00 00 00 00 
0110 00 00 00 00 00 00 00 00 00 00 00 00 00 00 00 00 
0120 00 00 00 00 00 00 00 00 00 00 00 00 00 00 00 00 
0130 00 00 00 00 00 00 00 00 00 00 00 00 00 00 00 00 
0140 00 00 00 00 00 00 00 00 00 00 00 00 00 00 00 00 
0150 00 00 00 00 00 00 00 00 00 00 00 00 00 00 00 
